{
 "cells": [
  {
   "cell_type": "code",
   "execution_count": 200,
   "metadata": {},
   "outputs": [],
   "source": [
    "import pandas as pd\n",
    "import matplotlib.pyplot as plt\n",
    "import seaborn as sns\n",
    "from scipy import stats\n",
    "import numpy as np"
   ]
  },
  {
   "cell_type": "code",
   "execution_count": 14,
   "metadata": {},
   "outputs": [],
   "source": [
    "expLevel_table = pd.read_csv(\"../cuffdiff/exp_table.csv\")"
   ]
  },
  {
   "cell_type": "code",
   "execution_count": 225,
   "metadata": {},
   "outputs": [
    {
     "data": {
      "text/html": [
       "<div>\n",
       "<style scoped>\n",
       "    .dataframe tbody tr th:only-of-type {\n",
       "        vertical-align: middle;\n",
       "    }\n",
       "\n",
       "    .dataframe tbody tr th {\n",
       "        vertical-align: top;\n",
       "    }\n",
       "\n",
       "    .dataframe thead th {\n",
       "        text-align: right;\n",
       "    }\n",
       "</style>\n",
       "<table border=\"1\" class=\"dataframe\">\n",
       "  <thead>\n",
       "    <tr style=\"text-align: right;\">\n",
       "      <th></th>\n",
       "      <th>BI</th>\n",
       "      <th>BM</th>\n",
       "      <th>BR</th>\n",
       "      <th>BT</th>\n",
       "      <th>BW</th>\n",
       "      <th>GI</th>\n",
       "      <th>GM</th>\n",
       "      <th>GR</th>\n",
       "      <th>GT</th>\n",
       "      <th>GW</th>\n",
       "      <th>RI</th>\n",
       "      <th>RM</th>\n",
       "      <th>RR</th>\n",
       "      <th>RT</th>\n",
       "      <th>RW</th>\n",
       "    </tr>\n",
       "  </thead>\n",
       "  <tbody>\n",
       "    <tr>\n",
       "      <th>0</th>\n",
       "      <td>0.000000</td>\n",
       "      <td>0.00000</td>\n",
       "      <td>0.000000</td>\n",
       "      <td>0.000000</td>\n",
       "      <td>2.652770</td>\n",
       "      <td>0.000000</td>\n",
       "      <td>0.000000</td>\n",
       "      <td>0.000000</td>\n",
       "      <td>0.000000</td>\n",
       "      <td>0.787716</td>\n",
       "      <td>0.000000</td>\n",
       "      <td>0.000000</td>\n",
       "      <td>0.000000</td>\n",
       "      <td>0.000000</td>\n",
       "      <td>0.338472</td>\n",
       "    </tr>\n",
       "    <tr>\n",
       "      <th>1</th>\n",
       "      <td>0.000000</td>\n",
       "      <td>0.00000</td>\n",
       "      <td>0.000000</td>\n",
       "      <td>0.000000</td>\n",
       "      <td>0.000000</td>\n",
       "      <td>0.000000</td>\n",
       "      <td>0.000000</td>\n",
       "      <td>0.000000</td>\n",
       "      <td>0.000000</td>\n",
       "      <td>0.000000</td>\n",
       "      <td>0.000000</td>\n",
       "      <td>0.000000</td>\n",
       "      <td>0.000000</td>\n",
       "      <td>0.000000</td>\n",
       "      <td>0.000000</td>\n",
       "    </tr>\n",
       "    <tr>\n",
       "      <th>2</th>\n",
       "      <td>0.000000</td>\n",
       "      <td>0.00000</td>\n",
       "      <td>0.000000</td>\n",
       "      <td>0.000000</td>\n",
       "      <td>0.152081</td>\n",
       "      <td>0.000000</td>\n",
       "      <td>0.000000</td>\n",
       "      <td>0.000000</td>\n",
       "      <td>0.000000</td>\n",
       "      <td>0.543906</td>\n",
       "      <td>0.000000</td>\n",
       "      <td>0.000000</td>\n",
       "      <td>0.000000</td>\n",
       "      <td>0.000000</td>\n",
       "      <td>0.118510</td>\n",
       "    </tr>\n",
       "    <tr>\n",
       "      <th>3</th>\n",
       "      <td>0.000000</td>\n",
       "      <td>0.00000</td>\n",
       "      <td>0.000000</td>\n",
       "      <td>1.682020</td>\n",
       "      <td>0.000000</td>\n",
       "      <td>0.000000</td>\n",
       "      <td>0.000000</td>\n",
       "      <td>0.000000</td>\n",
       "      <td>0.731803</td>\n",
       "      <td>1.854460</td>\n",
       "      <td>0.000000</td>\n",
       "      <td>0.000000</td>\n",
       "      <td>0.000000</td>\n",
       "      <td>7.980960</td>\n",
       "      <td>0.493571</td>\n",
       "    </tr>\n",
       "    <tr>\n",
       "      <th>4</th>\n",
       "      <td>0.000000</td>\n",
       "      <td>0.00000</td>\n",
       "      <td>0.000000</td>\n",
       "      <td>0.000000</td>\n",
       "      <td>0.000000</td>\n",
       "      <td>0.000000</td>\n",
       "      <td>0.000000</td>\n",
       "      <td>0.000000</td>\n",
       "      <td>0.000000</td>\n",
       "      <td>0.000000</td>\n",
       "      <td>0.000000</td>\n",
       "      <td>0.000000</td>\n",
       "      <td>0.000000</td>\n",
       "      <td>0.000000</td>\n",
       "      <td>0.000000</td>\n",
       "    </tr>\n",
       "    <tr>\n",
       "      <th>...</th>\n",
       "      <td>...</td>\n",
       "      <td>...</td>\n",
       "      <td>...</td>\n",
       "      <td>...</td>\n",
       "      <td>...</td>\n",
       "      <td>...</td>\n",
       "      <td>...</td>\n",
       "      <td>...</td>\n",
       "      <td>...</td>\n",
       "      <td>...</td>\n",
       "      <td>...</td>\n",
       "      <td>...</td>\n",
       "      <td>...</td>\n",
       "      <td>...</td>\n",
       "      <td>...</td>\n",
       "    </tr>\n",
       "    <tr>\n",
       "      <th>35691</th>\n",
       "      <td>0.164176</td>\n",
       "      <td>1.05211</td>\n",
       "      <td>0.580144</td>\n",
       "      <td>0.152518</td>\n",
       "      <td>0.294506</td>\n",
       "      <td>0.312083</td>\n",
       "      <td>0.463257</td>\n",
       "      <td>0.463257</td>\n",
       "      <td>0.274530</td>\n",
       "      <td>1.451750</td>\n",
       "      <td>0.458544</td>\n",
       "      <td>0.122997</td>\n",
       "      <td>0.412800</td>\n",
       "      <td>0.000000</td>\n",
       "      <td>0.193067</td>\n",
       "    </tr>\n",
       "    <tr>\n",
       "      <th>35692</th>\n",
       "      <td>12.787600</td>\n",
       "      <td>22.41400</td>\n",
       "      <td>4.144790</td>\n",
       "      <td>12.538300</td>\n",
       "      <td>6.356650</td>\n",
       "      <td>14.922200</td>\n",
       "      <td>31.370600</td>\n",
       "      <td>31.370600</td>\n",
       "      <td>12.132200</td>\n",
       "      <td>5.859590</td>\n",
       "      <td>24.832600</td>\n",
       "      <td>40.086900</td>\n",
       "      <td>5.786730</td>\n",
       "      <td>9.908260</td>\n",
       "      <td>8.686410</td>\n",
       "    </tr>\n",
       "    <tr>\n",
       "      <th>35693</th>\n",
       "      <td>0.000000</td>\n",
       "      <td>0.00000</td>\n",
       "      <td>0.000000</td>\n",
       "      <td>0.000000</td>\n",
       "      <td>0.000000</td>\n",
       "      <td>0.000000</td>\n",
       "      <td>0.000000</td>\n",
       "      <td>0.000000</td>\n",
       "      <td>0.000000</td>\n",
       "      <td>0.000000</td>\n",
       "      <td>0.000000</td>\n",
       "      <td>0.000000</td>\n",
       "      <td>0.000000</td>\n",
       "      <td>0.000000</td>\n",
       "      <td>0.609701</td>\n",
       "    </tr>\n",
       "    <tr>\n",
       "      <th>35694</th>\n",
       "      <td>32.128100</td>\n",
       "      <td>12.07150</td>\n",
       "      <td>12.450900</td>\n",
       "      <td>12.202600</td>\n",
       "      <td>11.485700</td>\n",
       "      <td>10.012400</td>\n",
       "      <td>17.624300</td>\n",
       "      <td>17.624300</td>\n",
       "      <td>3.911260</td>\n",
       "      <td>12.757000</td>\n",
       "      <td>8.524340</td>\n",
       "      <td>2.137530</td>\n",
       "      <td>4.446710</td>\n",
       "      <td>0.714666</td>\n",
       "      <td>0.543411</td>\n",
       "    </tr>\n",
       "    <tr>\n",
       "      <th>35695</th>\n",
       "      <td>2.889790</td>\n",
       "      <td>4.54906</td>\n",
       "      <td>2.142960</td>\n",
       "      <td>2.539510</td>\n",
       "      <td>1.355350</td>\n",
       "      <td>2.591770</td>\n",
       "      <td>3.406690</td>\n",
       "      <td>3.406690</td>\n",
       "      <td>2.776250</td>\n",
       "      <td>1.526670</td>\n",
       "      <td>1.992160</td>\n",
       "      <td>2.674620</td>\n",
       "      <td>0.881201</td>\n",
       "      <td>1.703150</td>\n",
       "      <td>1.369210</td>\n",
       "    </tr>\n",
       "  </tbody>\n",
       "</table>\n",
       "<p>35696 rows × 15 columns</p>\n",
       "</div>"
      ],
      "text/plain": [
       "              BI        BM         BR         BT         BW         GI  \\\n",
       "0       0.000000   0.00000   0.000000   0.000000   2.652770   0.000000   \n",
       "1       0.000000   0.00000   0.000000   0.000000   0.000000   0.000000   \n",
       "2       0.000000   0.00000   0.000000   0.000000   0.152081   0.000000   \n",
       "3       0.000000   0.00000   0.000000   1.682020   0.000000   0.000000   \n",
       "4       0.000000   0.00000   0.000000   0.000000   0.000000   0.000000   \n",
       "...          ...       ...        ...        ...        ...        ...   \n",
       "35691   0.164176   1.05211   0.580144   0.152518   0.294506   0.312083   \n",
       "35692  12.787600  22.41400   4.144790  12.538300   6.356650  14.922200   \n",
       "35693   0.000000   0.00000   0.000000   0.000000   0.000000   0.000000   \n",
       "35694  32.128100  12.07150  12.450900  12.202600  11.485700  10.012400   \n",
       "35695   2.889790   4.54906   2.142960   2.539510   1.355350   2.591770   \n",
       "\n",
       "              GM         GR         GT         GW         RI         RM  \\\n",
       "0       0.000000   0.000000   0.000000   0.787716   0.000000   0.000000   \n",
       "1       0.000000   0.000000   0.000000   0.000000   0.000000   0.000000   \n",
       "2       0.000000   0.000000   0.000000   0.543906   0.000000   0.000000   \n",
       "3       0.000000   0.000000   0.731803   1.854460   0.000000   0.000000   \n",
       "4       0.000000   0.000000   0.000000   0.000000   0.000000   0.000000   \n",
       "...          ...        ...        ...        ...        ...        ...   \n",
       "35691   0.463257   0.463257   0.274530   1.451750   0.458544   0.122997   \n",
       "35692  31.370600  31.370600  12.132200   5.859590  24.832600  40.086900   \n",
       "35693   0.000000   0.000000   0.000000   0.000000   0.000000   0.000000   \n",
       "35694  17.624300  17.624300   3.911260  12.757000   8.524340   2.137530   \n",
       "35695   3.406690   3.406690   2.776250   1.526670   1.992160   2.674620   \n",
       "\n",
       "             RR        RT        RW  \n",
       "0      0.000000  0.000000  0.338472  \n",
       "1      0.000000  0.000000  0.000000  \n",
       "2      0.000000  0.000000  0.118510  \n",
       "3      0.000000  7.980960  0.493571  \n",
       "4      0.000000  0.000000  0.000000  \n",
       "...         ...       ...       ...  \n",
       "35691  0.412800  0.000000  0.193067  \n",
       "35692  5.786730  9.908260  8.686410  \n",
       "35693  0.000000  0.000000  0.609701  \n",
       "35694  4.446710  0.714666  0.543411  \n",
       "35695  0.881201  1.703150  1.369210  \n",
       "\n",
       "[35696 rows x 15 columns]"
      ]
     },
     "execution_count": 225,
     "metadata": {},
     "output_type": "execute_result"
    }
   ],
   "source": [
    "expLevel_table = expLevel_table.drop(['tracking_id'],axis=1)\n",
    "expLevel_table"
   ]
  },
  {
   "cell_type": "code",
   "execution_count": 202,
   "metadata": {},
   "outputs": [
    {
     "data": {
      "text/html": [
       "<div>\n",
       "<style scoped>\n",
       "    .dataframe tbody tr th:only-of-type {\n",
       "        vertical-align: middle;\n",
       "    }\n",
       "\n",
       "    .dataframe tbody tr th {\n",
       "        vertical-align: top;\n",
       "    }\n",
       "\n",
       "    .dataframe thead th {\n",
       "        text-align: right;\n",
       "    }\n",
       "</style>\n",
       "<table border=\"1\" class=\"dataframe\">\n",
       "  <thead>\n",
       "    <tr style=\"text-align: right;\">\n",
       "      <th></th>\n",
       "      <th>BI</th>\n",
       "      <th>BM</th>\n",
       "      <th>BR</th>\n",
       "      <th>BT</th>\n",
       "      <th>BW</th>\n",
       "      <th>GI</th>\n",
       "      <th>GM</th>\n",
       "      <th>GR</th>\n",
       "      <th>GT</th>\n",
       "      <th>GW</th>\n",
       "      <th>RI</th>\n",
       "      <th>RM</th>\n",
       "      <th>RR</th>\n",
       "      <th>RT</th>\n",
       "      <th>RW</th>\n",
       "    </tr>\n",
       "  </thead>\n",
       "  <tbody>\n",
       "    <tr>\n",
       "      <th>0</th>\n",
       "      <td>0.000000</td>\n",
       "      <td>0.000000</td>\n",
       "      <td>0.000000</td>\n",
       "      <td>0.000000</td>\n",
       "      <td>1.868991</td>\n",
       "      <td>0.000000</td>\n",
       "      <td>0.000000</td>\n",
       "      <td>0.000000</td>\n",
       "      <td>0.000000</td>\n",
       "      <td>0.838118</td>\n",
       "      <td>0.000000</td>\n",
       "      <td>0.000000</td>\n",
       "      <td>0.000000</td>\n",
       "      <td>0.000000</td>\n",
       "      <td>0.420587</td>\n",
       "    </tr>\n",
       "    <tr>\n",
       "      <th>1</th>\n",
       "      <td>0.000000</td>\n",
       "      <td>0.000000</td>\n",
       "      <td>0.000000</td>\n",
       "      <td>0.000000</td>\n",
       "      <td>0.000000</td>\n",
       "      <td>0.000000</td>\n",
       "      <td>0.000000</td>\n",
       "      <td>0.000000</td>\n",
       "      <td>0.000000</td>\n",
       "      <td>0.000000</td>\n",
       "      <td>0.000000</td>\n",
       "      <td>0.000000</td>\n",
       "      <td>0.000000</td>\n",
       "      <td>0.000000</td>\n",
       "      <td>0.000000</td>\n",
       "    </tr>\n",
       "    <tr>\n",
       "      <th>2</th>\n",
       "      <td>0.000000</td>\n",
       "      <td>0.000000</td>\n",
       "      <td>0.000000</td>\n",
       "      <td>0.000000</td>\n",
       "      <td>0.204242</td>\n",
       "      <td>0.000000</td>\n",
       "      <td>0.000000</td>\n",
       "      <td>0.000000</td>\n",
       "      <td>0.000000</td>\n",
       "      <td>0.626585</td>\n",
       "      <td>0.000000</td>\n",
       "      <td>0.000000</td>\n",
       "      <td>0.000000</td>\n",
       "      <td>0.000000</td>\n",
       "      <td>0.161578</td>\n",
       "    </tr>\n",
       "    <tr>\n",
       "      <th>3</th>\n",
       "      <td>0.000000</td>\n",
       "      <td>0.000000</td>\n",
       "      <td>0.000000</td>\n",
       "      <td>1.423320</td>\n",
       "      <td>0.000000</td>\n",
       "      <td>0.000000</td>\n",
       "      <td>0.000000</td>\n",
       "      <td>0.000000</td>\n",
       "      <td>0.792275</td>\n",
       "      <td>1.513218</td>\n",
       "      <td>0.000000</td>\n",
       "      <td>0.000000</td>\n",
       "      <td>0.000000</td>\n",
       "      <td>3.166870</td>\n",
       "      <td>0.578766</td>\n",
       "    </tr>\n",
       "    <tr>\n",
       "      <th>4</th>\n",
       "      <td>0.000000</td>\n",
       "      <td>0.000000</td>\n",
       "      <td>0.000000</td>\n",
       "      <td>0.000000</td>\n",
       "      <td>0.000000</td>\n",
       "      <td>0.000000</td>\n",
       "      <td>0.000000</td>\n",
       "      <td>0.000000</td>\n",
       "      <td>0.000000</td>\n",
       "      <td>0.000000</td>\n",
       "      <td>0.000000</td>\n",
       "      <td>0.000000</td>\n",
       "      <td>0.000000</td>\n",
       "      <td>0.000000</td>\n",
       "      <td>0.000000</td>\n",
       "    </tr>\n",
       "    <tr>\n",
       "      <th>...</th>\n",
       "      <td>...</td>\n",
       "      <td>...</td>\n",
       "      <td>...</td>\n",
       "      <td>...</td>\n",
       "      <td>...</td>\n",
       "      <td>...</td>\n",
       "      <td>...</td>\n",
       "      <td>...</td>\n",
       "      <td>...</td>\n",
       "      <td>...</td>\n",
       "      <td>...</td>\n",
       "      <td>...</td>\n",
       "      <td>...</td>\n",
       "      <td>...</td>\n",
       "      <td>...</td>\n",
       "    </tr>\n",
       "    <tr>\n",
       "      <th>35691</th>\n",
       "      <td>0.219309</td>\n",
       "      <td>1.037108</td>\n",
       "      <td>0.660056</td>\n",
       "      <td>0.204789</td>\n",
       "      <td>0.372402</td>\n",
       "      <td>0.391859</td>\n",
       "      <td>0.549183</td>\n",
       "      <td>0.549183</td>\n",
       "      <td>0.349965</td>\n",
       "      <td>1.293812</td>\n",
       "      <td>0.544529</td>\n",
       "      <td>0.167354</td>\n",
       "      <td>0.498557</td>\n",
       "      <td>0.000000</td>\n",
       "      <td>0.254675</td>\n",
       "    </tr>\n",
       "    <tr>\n",
       "      <th>35692</th>\n",
       "      <td>3.785299</td>\n",
       "      <td>4.549300</td>\n",
       "      <td>2.363112</td>\n",
       "      <td>3.758975</td>\n",
       "      <td>2.879049</td>\n",
       "      <td>3.992968</td>\n",
       "      <td>5.016612</td>\n",
       "      <td>5.016612</td>\n",
       "      <td>3.715037</td>\n",
       "      <td>2.778122</td>\n",
       "      <td>4.691121</td>\n",
       "      <td>5.360607</td>\n",
       "      <td>2.762717</td>\n",
       "      <td>3.447349</td>\n",
       "      <td>3.275962</td>\n",
       "    </tr>\n",
       "    <tr>\n",
       "      <th>35693</th>\n",
       "      <td>0.000000</td>\n",
       "      <td>0.000000</td>\n",
       "      <td>0.000000</td>\n",
       "      <td>0.000000</td>\n",
       "      <td>0.000000</td>\n",
       "      <td>0.000000</td>\n",
       "      <td>0.000000</td>\n",
       "      <td>0.000000</td>\n",
       "      <td>0.000000</td>\n",
       "      <td>0.000000</td>\n",
       "      <td>0.000000</td>\n",
       "      <td>0.000000</td>\n",
       "      <td>0.000000</td>\n",
       "      <td>0.000000</td>\n",
       "      <td>0.686793</td>\n",
       "    </tr>\n",
       "    <tr>\n",
       "      <th>35694</th>\n",
       "      <td>5.049984</td>\n",
       "      <td>3.708353</td>\n",
       "      <td>3.749631</td>\n",
       "      <td>3.722750</td>\n",
       "      <td>3.642205</td>\n",
       "      <td>3.461057</td>\n",
       "      <td>4.219114</td>\n",
       "      <td>4.219114</td>\n",
       "      <td>2.296093</td>\n",
       "      <td>3.782094</td>\n",
       "      <td>3.251619</td>\n",
       "      <td>1.649629</td>\n",
       "      <td>2.445385</td>\n",
       "      <td>0.777928</td>\n",
       "      <td>0.626122</td>\n",
       "    </tr>\n",
       "    <tr>\n",
       "      <th>35695</th>\n",
       "      <td>1.959692</td>\n",
       "      <td>2.472243</td>\n",
       "      <td>1.652124</td>\n",
       "      <td>1.823550</td>\n",
       "      <td>1.235941</td>\n",
       "      <td>1.844695</td>\n",
       "      <td>2.139695</td>\n",
       "      <td>2.139695</td>\n",
       "      <td>1.916954</td>\n",
       "      <td>1.337237</td>\n",
       "      <td>1.581187</td>\n",
       "      <td>1.877595</td>\n",
       "      <td>0.911654</td>\n",
       "      <td>1.434642</td>\n",
       "      <td>1.244406</td>\n",
       "    </tr>\n",
       "  </tbody>\n",
       "</table>\n",
       "<p>35696 rows × 15 columns</p>\n",
       "</div>"
      ],
      "text/plain": [
       "             BI        BM        BR        BT        BW        GI        GM  \\\n",
       "0      0.000000  0.000000  0.000000  0.000000  1.868991  0.000000  0.000000   \n",
       "1      0.000000  0.000000  0.000000  0.000000  0.000000  0.000000  0.000000   \n",
       "2      0.000000  0.000000  0.000000  0.000000  0.204242  0.000000  0.000000   \n",
       "3      0.000000  0.000000  0.000000  1.423320  0.000000  0.000000  0.000000   \n",
       "4      0.000000  0.000000  0.000000  0.000000  0.000000  0.000000  0.000000   \n",
       "...         ...       ...       ...       ...       ...       ...       ...   \n",
       "35691  0.219309  1.037108  0.660056  0.204789  0.372402  0.391859  0.549183   \n",
       "35692  3.785299  4.549300  2.363112  3.758975  2.879049  3.992968  5.016612   \n",
       "35693  0.000000  0.000000  0.000000  0.000000  0.000000  0.000000  0.000000   \n",
       "35694  5.049984  3.708353  3.749631  3.722750  3.642205  3.461057  4.219114   \n",
       "35695  1.959692  2.472243  1.652124  1.823550  1.235941  1.844695  2.139695   \n",
       "\n",
       "             GR        GT        GW        RI        RM        RR        RT  \\\n",
       "0      0.000000  0.000000  0.838118  0.000000  0.000000  0.000000  0.000000   \n",
       "1      0.000000  0.000000  0.000000  0.000000  0.000000  0.000000  0.000000   \n",
       "2      0.000000  0.000000  0.626585  0.000000  0.000000  0.000000  0.000000   \n",
       "3      0.000000  0.792275  1.513218  0.000000  0.000000  0.000000  3.166870   \n",
       "4      0.000000  0.000000  0.000000  0.000000  0.000000  0.000000  0.000000   \n",
       "...         ...       ...       ...       ...       ...       ...       ...   \n",
       "35691  0.549183  0.349965  1.293812  0.544529  0.167354  0.498557  0.000000   \n",
       "35692  5.016612  3.715037  2.778122  4.691121  5.360607  2.762717  3.447349   \n",
       "35693  0.000000  0.000000  0.000000  0.000000  0.000000  0.000000  0.000000   \n",
       "35694  4.219114  2.296093  3.782094  3.251619  1.649629  2.445385  0.777928   \n",
       "35695  2.139695  1.916954  1.337237  1.581187  1.877595  0.911654  1.434642   \n",
       "\n",
       "             RW  \n",
       "0      0.420587  \n",
       "1      0.000000  \n",
       "2      0.161578  \n",
       "3      0.578766  \n",
       "4      0.000000  \n",
       "...         ...  \n",
       "35691  0.254675  \n",
       "35692  3.275962  \n",
       "35693  0.686793  \n",
       "35694  0.626122  \n",
       "35695  1.244406  \n",
       "\n",
       "[35696 rows x 15 columns]"
      ]
     },
     "execution_count": 202,
     "metadata": {},
     "output_type": "execute_result"
    }
   ],
   "source": [
    "log_expLevel_table = expLevel_table.drop(['tracking_id'],axis=1)\n",
    "log_expLevel_table = np.log2(log_expLevel_table + 1) # inf을 막기 위해서 +1\n",
    "log_expLevel_table"
   ]
  },
  {
   "cell_type": "code",
   "execution_count": 203,
   "metadata": {},
   "outputs": [
    {
     "name": "stderr",
     "output_type": "stream",
     "text": [
      "/var/folders/t0/jz153hd102735wwrqbvskqj40000gn/T/ipykernel_72165/1666032988.py:1: FutureWarning: The default value of numeric_only in DataFrame.corr is deprecated. In a future version, it will default to False. Select only valid columns or specify the value of numeric_only to silence this warning.\n",
      "  corr = expLevel_table.corr()\n"
     ]
    },
    {
     "data": {
      "text/html": [
       "<div>\n",
       "<style scoped>\n",
       "    .dataframe tbody tr th:only-of-type {\n",
       "        vertical-align: middle;\n",
       "    }\n",
       "\n",
       "    .dataframe tbody tr th {\n",
       "        vertical-align: top;\n",
       "    }\n",
       "\n",
       "    .dataframe thead th {\n",
       "        text-align: right;\n",
       "    }\n",
       "</style>\n",
       "<table border=\"1\" class=\"dataframe\">\n",
       "  <thead>\n",
       "    <tr style=\"text-align: right;\">\n",
       "      <th></th>\n",
       "      <th>BI</th>\n",
       "      <th>BM</th>\n",
       "      <th>BR</th>\n",
       "      <th>BT</th>\n",
       "      <th>BW</th>\n",
       "      <th>GI</th>\n",
       "      <th>GM</th>\n",
       "      <th>GR</th>\n",
       "      <th>GT</th>\n",
       "      <th>GW</th>\n",
       "      <th>RI</th>\n",
       "      <th>RM</th>\n",
       "      <th>RR</th>\n",
       "      <th>RT</th>\n",
       "      <th>RW</th>\n",
       "    </tr>\n",
       "  </thead>\n",
       "  <tbody>\n",
       "    <tr>\n",
       "      <th>BI</th>\n",
       "      <td>1.000000</td>\n",
       "      <td>0.602175</td>\n",
       "      <td>0.595294</td>\n",
       "      <td>0.729424</td>\n",
       "      <td>0.358585</td>\n",
       "      <td>0.470799</td>\n",
       "      <td>0.170360</td>\n",
       "      <td>0.170360</td>\n",
       "      <td>0.436063</td>\n",
       "      <td>0.290074</td>\n",
       "      <td>0.383555</td>\n",
       "      <td>0.310034</td>\n",
       "      <td>0.329086</td>\n",
       "      <td>0.409343</td>\n",
       "      <td>0.354574</td>\n",
       "    </tr>\n",
       "    <tr>\n",
       "      <th>BM</th>\n",
       "      <td>0.602175</td>\n",
       "      <td>1.000000</td>\n",
       "      <td>0.450920</td>\n",
       "      <td>0.540891</td>\n",
       "      <td>0.596182</td>\n",
       "      <td>0.313843</td>\n",
       "      <td>0.796852</td>\n",
       "      <td>0.796852</td>\n",
       "      <td>0.364555</td>\n",
       "      <td>0.423884</td>\n",
       "      <td>0.300457</td>\n",
       "      <td>0.799122</td>\n",
       "      <td>0.286380</td>\n",
       "      <td>0.376965</td>\n",
       "      <td>0.418057</td>\n",
       "    </tr>\n",
       "    <tr>\n",
       "      <th>BR</th>\n",
       "      <td>0.595294</td>\n",
       "      <td>0.450920</td>\n",
       "      <td>1.000000</td>\n",
       "      <td>0.777828</td>\n",
       "      <td>0.448514</td>\n",
       "      <td>0.551357</td>\n",
       "      <td>0.227823</td>\n",
       "      <td>0.227823</td>\n",
       "      <td>0.630231</td>\n",
       "      <td>0.340737</td>\n",
       "      <td>0.533064</td>\n",
       "      <td>0.401917</td>\n",
       "      <td>0.899120</td>\n",
       "      <td>0.655240</td>\n",
       "      <td>0.461269</td>\n",
       "    </tr>\n",
       "    <tr>\n",
       "      <th>BT</th>\n",
       "      <td>0.729424</td>\n",
       "      <td>0.540891</td>\n",
       "      <td>0.777828</td>\n",
       "      <td>1.000000</td>\n",
       "      <td>0.567896</td>\n",
       "      <td>0.654764</td>\n",
       "      <td>0.282846</td>\n",
       "      <td>0.282846</td>\n",
       "      <td>0.785335</td>\n",
       "      <td>0.454872</td>\n",
       "      <td>0.600772</td>\n",
       "      <td>0.516141</td>\n",
       "      <td>0.609321</td>\n",
       "      <td>0.766660</td>\n",
       "      <td>0.590035</td>\n",
       "    </tr>\n",
       "    <tr>\n",
       "      <th>BW</th>\n",
       "      <td>0.358585</td>\n",
       "      <td>0.596182</td>\n",
       "      <td>0.448514</td>\n",
       "      <td>0.567896</td>\n",
       "      <td>1.000000</td>\n",
       "      <td>0.427567</td>\n",
       "      <td>0.558551</td>\n",
       "      <td>0.558551</td>\n",
       "      <td>0.510208</td>\n",
       "      <td>0.875467</td>\n",
       "      <td>0.409674</td>\n",
       "      <td>0.648723</td>\n",
       "      <td>0.385428</td>\n",
       "      <td>0.527676</td>\n",
       "      <td>0.732478</td>\n",
       "    </tr>\n",
       "    <tr>\n",
       "      <th>GI</th>\n",
       "      <td>0.470799</td>\n",
       "      <td>0.313843</td>\n",
       "      <td>0.551357</td>\n",
       "      <td>0.654764</td>\n",
       "      <td>0.427567</td>\n",
       "      <td>1.000000</td>\n",
       "      <td>0.271907</td>\n",
       "      <td>0.271907</td>\n",
       "      <td>0.673582</td>\n",
       "      <td>0.325866</td>\n",
       "      <td>0.798965</td>\n",
       "      <td>0.446076</td>\n",
       "      <td>0.534428</td>\n",
       "      <td>0.614328</td>\n",
       "      <td>0.420058</td>\n",
       "    </tr>\n",
       "    <tr>\n",
       "      <th>GM</th>\n",
       "      <td>0.170360</td>\n",
       "      <td>0.796852</td>\n",
       "      <td>0.227823</td>\n",
       "      <td>0.282846</td>\n",
       "      <td>0.558551</td>\n",
       "      <td>0.271907</td>\n",
       "      <td>1.000000</td>\n",
       "      <td>1.000000</td>\n",
       "      <td>0.324894</td>\n",
       "      <td>0.371016</td>\n",
       "      <td>0.247274</td>\n",
       "      <td>0.905907</td>\n",
       "      <td>0.223860</td>\n",
       "      <td>0.331313</td>\n",
       "      <td>0.349766</td>\n",
       "    </tr>\n",
       "    <tr>\n",
       "      <th>GR</th>\n",
       "      <td>0.170360</td>\n",
       "      <td>0.796852</td>\n",
       "      <td>0.227823</td>\n",
       "      <td>0.282846</td>\n",
       "      <td>0.558551</td>\n",
       "      <td>0.271907</td>\n",
       "      <td>1.000000</td>\n",
       "      <td>1.000000</td>\n",
       "      <td>0.324894</td>\n",
       "      <td>0.371016</td>\n",
       "      <td>0.247274</td>\n",
       "      <td>0.905907</td>\n",
       "      <td>0.223860</td>\n",
       "      <td>0.331313</td>\n",
       "      <td>0.349766</td>\n",
       "    </tr>\n",
       "    <tr>\n",
       "      <th>GT</th>\n",
       "      <td>0.436063</td>\n",
       "      <td>0.364555</td>\n",
       "      <td>0.630231</td>\n",
       "      <td>0.785335</td>\n",
       "      <td>0.510208</td>\n",
       "      <td>0.673582</td>\n",
       "      <td>0.324894</td>\n",
       "      <td>0.324894</td>\n",
       "      <td>1.000000</td>\n",
       "      <td>0.400993</td>\n",
       "      <td>0.588177</td>\n",
       "      <td>0.491607</td>\n",
       "      <td>0.610543</td>\n",
       "      <td>0.876164</td>\n",
       "      <td>0.544950</td>\n",
       "    </tr>\n",
       "    <tr>\n",
       "      <th>GW</th>\n",
       "      <td>0.290074</td>\n",
       "      <td>0.423884</td>\n",
       "      <td>0.340737</td>\n",
       "      <td>0.454872</td>\n",
       "      <td>0.875467</td>\n",
       "      <td>0.325866</td>\n",
       "      <td>0.371016</td>\n",
       "      <td>0.371016</td>\n",
       "      <td>0.400993</td>\n",
       "      <td>1.000000</td>\n",
       "      <td>0.308482</td>\n",
       "      <td>0.459519</td>\n",
       "      <td>0.298058</td>\n",
       "      <td>0.401931</td>\n",
       "      <td>0.662767</td>\n",
       "    </tr>\n",
       "    <tr>\n",
       "      <th>RI</th>\n",
       "      <td>0.383555</td>\n",
       "      <td>0.300457</td>\n",
       "      <td>0.533064</td>\n",
       "      <td>0.600772</td>\n",
       "      <td>0.409674</td>\n",
       "      <td>0.798965</td>\n",
       "      <td>0.247274</td>\n",
       "      <td>0.247274</td>\n",
       "      <td>0.588177</td>\n",
       "      <td>0.308482</td>\n",
       "      <td>1.000000</td>\n",
       "      <td>0.443965</td>\n",
       "      <td>0.544437</td>\n",
       "      <td>0.647562</td>\n",
       "      <td>0.421580</td>\n",
       "    </tr>\n",
       "    <tr>\n",
       "      <th>RM</th>\n",
       "      <td>0.310034</td>\n",
       "      <td>0.799122</td>\n",
       "      <td>0.401917</td>\n",
       "      <td>0.516141</td>\n",
       "      <td>0.648723</td>\n",
       "      <td>0.446076</td>\n",
       "      <td>0.905907</td>\n",
       "      <td>0.905907</td>\n",
       "      <td>0.491607</td>\n",
       "      <td>0.459519</td>\n",
       "      <td>0.443965</td>\n",
       "      <td>1.000000</td>\n",
       "      <td>0.408903</td>\n",
       "      <td>0.560913</td>\n",
       "      <td>0.509204</td>\n",
       "    </tr>\n",
       "    <tr>\n",
       "      <th>RR</th>\n",
       "      <td>0.329086</td>\n",
       "      <td>0.286380</td>\n",
       "      <td>0.899120</td>\n",
       "      <td>0.609321</td>\n",
       "      <td>0.385428</td>\n",
       "      <td>0.534428</td>\n",
       "      <td>0.223860</td>\n",
       "      <td>0.223860</td>\n",
       "      <td>0.610543</td>\n",
       "      <td>0.298058</td>\n",
       "      <td>0.544437</td>\n",
       "      <td>0.408903</td>\n",
       "      <td>1.000000</td>\n",
       "      <td>0.687980</td>\n",
       "      <td>0.428032</td>\n",
       "    </tr>\n",
       "    <tr>\n",
       "      <th>RT</th>\n",
       "      <td>0.409343</td>\n",
       "      <td>0.376965</td>\n",
       "      <td>0.655240</td>\n",
       "      <td>0.766660</td>\n",
       "      <td>0.527676</td>\n",
       "      <td>0.614328</td>\n",
       "      <td>0.331313</td>\n",
       "      <td>0.331313</td>\n",
       "      <td>0.876164</td>\n",
       "      <td>0.401931</td>\n",
       "      <td>0.647562</td>\n",
       "      <td>0.560913</td>\n",
       "      <td>0.687980</td>\n",
       "      <td>1.000000</td>\n",
       "      <td>0.610827</td>\n",
       "    </tr>\n",
       "    <tr>\n",
       "      <th>RW</th>\n",
       "      <td>0.354574</td>\n",
       "      <td>0.418057</td>\n",
       "      <td>0.461269</td>\n",
       "      <td>0.590035</td>\n",
       "      <td>0.732478</td>\n",
       "      <td>0.420058</td>\n",
       "      <td>0.349766</td>\n",
       "      <td>0.349766</td>\n",
       "      <td>0.544950</td>\n",
       "      <td>0.662767</td>\n",
       "      <td>0.421580</td>\n",
       "      <td>0.509204</td>\n",
       "      <td>0.428032</td>\n",
       "      <td>0.610827</td>\n",
       "      <td>1.000000</td>\n",
       "    </tr>\n",
       "  </tbody>\n",
       "</table>\n",
       "</div>"
      ],
      "text/plain": [
       "          BI        BM        BR        BT        BW        GI        GM  \\\n",
       "BI  1.000000  0.602175  0.595294  0.729424  0.358585  0.470799  0.170360   \n",
       "BM  0.602175  1.000000  0.450920  0.540891  0.596182  0.313843  0.796852   \n",
       "BR  0.595294  0.450920  1.000000  0.777828  0.448514  0.551357  0.227823   \n",
       "BT  0.729424  0.540891  0.777828  1.000000  0.567896  0.654764  0.282846   \n",
       "BW  0.358585  0.596182  0.448514  0.567896  1.000000  0.427567  0.558551   \n",
       "GI  0.470799  0.313843  0.551357  0.654764  0.427567  1.000000  0.271907   \n",
       "GM  0.170360  0.796852  0.227823  0.282846  0.558551  0.271907  1.000000   \n",
       "GR  0.170360  0.796852  0.227823  0.282846  0.558551  0.271907  1.000000   \n",
       "GT  0.436063  0.364555  0.630231  0.785335  0.510208  0.673582  0.324894   \n",
       "GW  0.290074  0.423884  0.340737  0.454872  0.875467  0.325866  0.371016   \n",
       "RI  0.383555  0.300457  0.533064  0.600772  0.409674  0.798965  0.247274   \n",
       "RM  0.310034  0.799122  0.401917  0.516141  0.648723  0.446076  0.905907   \n",
       "RR  0.329086  0.286380  0.899120  0.609321  0.385428  0.534428  0.223860   \n",
       "RT  0.409343  0.376965  0.655240  0.766660  0.527676  0.614328  0.331313   \n",
       "RW  0.354574  0.418057  0.461269  0.590035  0.732478  0.420058  0.349766   \n",
       "\n",
       "          GR        GT        GW        RI        RM        RR        RT  \\\n",
       "BI  0.170360  0.436063  0.290074  0.383555  0.310034  0.329086  0.409343   \n",
       "BM  0.796852  0.364555  0.423884  0.300457  0.799122  0.286380  0.376965   \n",
       "BR  0.227823  0.630231  0.340737  0.533064  0.401917  0.899120  0.655240   \n",
       "BT  0.282846  0.785335  0.454872  0.600772  0.516141  0.609321  0.766660   \n",
       "BW  0.558551  0.510208  0.875467  0.409674  0.648723  0.385428  0.527676   \n",
       "GI  0.271907  0.673582  0.325866  0.798965  0.446076  0.534428  0.614328   \n",
       "GM  1.000000  0.324894  0.371016  0.247274  0.905907  0.223860  0.331313   \n",
       "GR  1.000000  0.324894  0.371016  0.247274  0.905907  0.223860  0.331313   \n",
       "GT  0.324894  1.000000  0.400993  0.588177  0.491607  0.610543  0.876164   \n",
       "GW  0.371016  0.400993  1.000000  0.308482  0.459519  0.298058  0.401931   \n",
       "RI  0.247274  0.588177  0.308482  1.000000  0.443965  0.544437  0.647562   \n",
       "RM  0.905907  0.491607  0.459519  0.443965  1.000000  0.408903  0.560913   \n",
       "RR  0.223860  0.610543  0.298058  0.544437  0.408903  1.000000  0.687980   \n",
       "RT  0.331313  0.876164  0.401931  0.647562  0.560913  0.687980  1.000000   \n",
       "RW  0.349766  0.544950  0.662767  0.421580  0.509204  0.428032  0.610827   \n",
       "\n",
       "          RW  \n",
       "BI  0.354574  \n",
       "BM  0.418057  \n",
       "BR  0.461269  \n",
       "BT  0.590035  \n",
       "BW  0.732478  \n",
       "GI  0.420058  \n",
       "GM  0.349766  \n",
       "GR  0.349766  \n",
       "GT  0.544950  \n",
       "GW  0.662767  \n",
       "RI  0.421580  \n",
       "RM  0.509204  \n",
       "RR  0.428032  \n",
       "RT  0.610827  \n",
       "RW  1.000000  "
      ]
     },
     "execution_count": 203,
     "metadata": {},
     "output_type": "execute_result"
    }
   ],
   "source": [
    "corr = expLevel_table.corr()\n",
    "corr"
   ]
  },
  {
   "cell_type": "code",
   "execution_count": 204,
   "metadata": {},
   "outputs": [],
   "source": [
    "def plotLogExpLevel (gene1, gene2):\n",
    "    #sns.set(rc = {'figure.figsize':(12,12)})\n",
    "    gene1_csv = expLevel_table[gene1]\n",
    "    gene2_csv = expLevel_table[gene2]\n",
    "    plot = sns.scatterplot(x=gene1,y=gene2,data=log_expLevel_table)\n",
    "    corr_table = pd.concat([gene1_csv,gene2_csv],axis=1)\n",
    "    # text box\n",
    "    box = {'boxstyle':'round','ec': (1.0, 0.5, 0.5),'fc': (1.0, 0.8, 0.8)}\n",
    "    corr = corr_table.corr()\n",
    "    corr = corr[gene1][1]\n",
    "    my_txt = \"Correlation = \" + str(corr)\n",
    "    plt.text(2,15,my_txt,bbox=box)\n",
    "    plt.title(gene1 + \" and \" + gene2 + \"gene exp level\")\n",
    "    save_file_name = gene1 + \"_and_\" + gene2 + \"gene_exp_level\"\n",
    "    plt.savefig(save_file_name)\n",
    "    #plt.text(1000,9000,my_txt,bbox=box)\n"
   ]
  },
  {
   "cell_type": "markdown",
   "metadata": {},
   "source": [
    "## corr graph"
   ]
  },
  {
   "cell_type": "code",
   "execution_count": 205,
   "metadata": {},
   "outputs": [
    {
     "data": {
